# GIMP colorrc
# 
# This file holds a list of recently used colors.

(color-history
    (color-rgba 0.13333333333333333 0.19607843137254902 0.28627450980392155 1)
    (color-rgba 0.12156862745098039 0.12156862745098039 0.15686274509803921 1)
    (color-rgba 0.21176470588235294 0.094117647058823528 0.019607843137254902 4.6669155274268973e-310)
    (color-rgba 0.21352313167259784 0.092510767711990571 0.018629534978146116 1)
    (color-rgba 0.24199288256227758 0.069836872148845208 0.069836872148845208 1)
    (color-rgba 1 1 1 1)
    (color-rgba 1 0.62745098039215685 0.40000000000000002 1)
    (color-rgba 0.49411764705882355 0.61176470588235299 0.84705882352941175 1)
    (color-rgba 0.86274509803921573 0.6470588235294118 0.38039215686274508 1)
    (color-rgba 0.76470588235294112 0.25098039215686274 0.2627450980392157 1)
    (color-rgba 0.67500000000000004 0.5440251572327045 0.50314465408805042 1)
    (color-rgba 0.66666666666666674 0.5440251572327045 0.50314465408805042 1)
    (color-rgba 0.18861209964412806 0.056963385798562166 0.056963385798562166 1)
    (color-rgba 0.62745100259780884 0.48627454042434692 0.43921571969985962 1)
    (color-rgba 1 1 1 6.9525397525691115e-310)
    (color-rgba 0.396078431372549 0.32549019607843138 0.30196078431372547 4.6436971635203218e-310)
    (color-rgba 0.90035587188612098 0.77346007786190263 0.73116147985382984 1)
    (color-rgba 0.72597864768683273 0.689436098306623 0.67725524851321983 1)
    (color-rgba 0.62745098039215685 0.48627450980392156 0.4392156862745098 4.6804036762712431e-310)
    (color-rgba 0.395017793594306 0.32542573264228902 0.3022283789916167 1)
    (color-rgba 0.36172347082567058 0.52670865570905367 0.8291814946619217 1)
    (color-rgba 0.92156862745098034 0.79607843137254897 0.54509803921568623 1)
    (color-rgba 0.36862745098039218 0.50588235294117645 0.67450980392156867 1)
    (color-rgba 0.20640569395017794 0.16484750053739045 0.16484750053739045 1)
    (color-rgba 0 0 0 1)
    (color-rgba 0.84705882352941175 0.87058823529411766 0.9137254901960784 1)
    (color-rgba 0.74901960784313726 0.38039215686274508 0.41568627450980394 1)
    (color-rgba 0.63002387806944693 0.3546776851608589 0.97864768683274017 1)
    (color-rgba 0.53024911032028466 0.25622775800711739 0.25622775800711739 1)
    (color-rgba 0.69039145907473309 0.61162196374405886 0.61162196374405886 1)
    (color-rgba 0.604982206405694 0.40196804318230678 0.40196804318230678 1)
    (color-rgba 0.79003558718861211 0.67338603740237413 0.67338603740237413 1)
    (color-rgba 0.75444839857651247 0.6548679611805075 0.4557070863884975 1)
    (color-rgba 0.66548042704626331 0.52702476772791318 0.52702476772791318 1)
    (color-rgba 0.395017793594306 0.395017793594306 0.395017793594306 1)
    (color-rgba 0.70106761565836306 0.70106761565836306 0.70106761565836306 1)
    (color-rgba 0.14259180946734429 0.040626716663880194 0.28825622775800708 1)
    (color-rgba 0.74117647058823533 0.57647058823529407 0.97647058823529409 4.6609353754865815e-310)
    (color-rgba 0.22632496596527266 0.38055965449170165 0.73309608540925275 1)
    (color-rgba 0.23137254901960785 0.25882352941176473 0.32156862745098042 1)
    (color-rgba 0.7289050685659908 0.64821228116267404 0.83985765124555156 1)
    (color-rgba 0.74117647058823533 0.57647058823529407 0.97647058823529409 1)
    (color-rgba 0.91764705882352937 0.34901960784313724 0.33725490196078434 1)
    (color-rgba 0.10980392156862745 0.047058823529411764 0.19607843137254902 4.6459086930022608e-310)
    (color-rgba 0.10841237304590093 0.047290358021447855 0.19572953736654808 1)
    (color-rgba 0.29803921568627451 0.33725490196078434 0.41568627450980394 4.6687363611651484e-310)
    (color-rgba 0.81568627450980391 0.52941176470588236 0.4392156862745098 1)
    (color-rgba 0.89803921568627454 0.9137254901960784 0.94117647058823528 1)
    (color-rgba 0.29803921568627451 0.33725490196078434 0.41568627450980394 1)
    (color-rgba 0.5607843137254902 0.73725490196078436 0.73333333333333328 1)
    (color-rgba 0.25882352941176473 0.19607843137254902 0.3411764705882353 0)
    (color-rgba 0.25773944516326108 0.1980110713760839 0.34306569343065696 1)
    (color-rgba 0.50588235294117645 0.63137254901960782 0.75686274509803919 1)
    (color-rgba 0.2627450980392157 0.29803921568627451 0.36862745098039218 4.6716915917809451e-310)
    (color-rgba 0.2627450980392157 0.29803921568627451 0.36862745098039218 1)
    (color-rgba 0.70588235294117652 0.55686274509803924 0.67843137254901964 1)
    (color-rgba 1 0.33333333333333331 0.33333333333333331 1)
    (color-rgba 0.17007760337270664 0.092416597266447853 0.28102189781021902 1)
    (color-rgba 0.3843137254901961 0.44705882352941179 0.64313725490196083 1)
    (color-rgba 0.15686274509803921 0.16470588235294117 0.21176470588235294 1)
    (color-rgba 0.63921568627450975 0.74509803921568629 0.5490196078431373 1)
    (color-rgba 0.4823529411764706 0.54509803921568623 0.20784313725490197 4.6862357084613579e-310)
    (color-rgba 0.84615384615384615 0.52245740836344867 0.52245740836344867 1)
    (color-rgba 0.45804195804195802 0.16292767635049515 0.16292767635049515 1)
    (color-rgba 0.82517482517482521 0.50396583282489327 0.50396583282489327 1)
    (color-rgba 0.29803921568627451 0.31372549019607843 0.23137254901960785 0)
    (color-rgba 0.29803921568627451 0.31372549019607843 0.23137254901960785 1)
    (color-rgba 0.7168167433201279 0.74532224532224534 0.56365211365211365 1)
    (color-rgba 0.29979239646351097 0.31288981288981288 0.22941787941787939 1)
    (color-rgba 0.55361034981107415 0.63617463617463621 0.10997920997921001 1)
    (color-rgba 0.23529097914815622 0.12300739235539362 0.37781592684721299 1)
    (color-rgba 0.19391754742073214 0.27775823764137636 0.41047805697487227 1)
    (color-rgba 0.38039219379425049 0.3490196168422699 0.90196084976196289 1)
    (color-rgba 0 0 1 1)
    (color-rgba 0.19215686274509805 0.41960784313725491 0.51372549019607838 1)
    (color-rgba 0.1803921568627451 0.20392156862745098 0.25098039215686274 1)
    (color-rgba 0.74901960784313726 0.38039215686274508 0.41568627450980394 4.6551715589393975e-310)
    (color-rgba 0.47843137254901963 0.79607843137254897 0.91764705882352937 1)
    (color-rgba 0.21260835303388492 0.25927981635659714 0.36595744680851061 1)
    (color-rgba 0.22631993695823485 0.32450748620961406 0.54893617021276597 1)
    (color-rgba 0 0 0 4.6877659948895911e-310)
    (color-rgba 0.40170648464163822 0 0 1)
    (color-rgba 0.50454459759593739 0.69558359621451105 0.13635646687697159 1)
    (color-rgba 0 0 0.39301562086358549 1)
    (color-rgba 0 0 0.40433868327520778 1)
    (color-rgba 0 0.025898276839305696 0.035809963037064671 1)
    (color-rgba 0.542529624580537 0.47640520134228193 0.921875 1)
    (color-rgba 0.18823531270027161 0.18823531270027161 0.18823531270027161 1)
    (color-rgba 0 0.14086950337284707 0.46285693965363961 1)
    (color-rgba 0.91893875838926176 0.94123185366209505 0.9921875 1)
    (color-rgba 0.9140625 0.9140625 0.9140625 1)
    (color-rgba 0.69735738255033564 0.72288991829588567 0.78125 1)
    (color-rgba 0.23137254901960785 0.25882352941176473 0.32156862745098042 4.6753201791390359e-310)
    (color-rgba 0.21568627450980393 0.24313725490196078 0.30196078431372547 1)
    (color-rgba 0.97647058963775635 0.97647058963775635 0.97647058963775635 1)
    (color-rgba 0.81176470588235294 0.55686274509803924 0.95686274509803926 4.6564461644923718e-310)
    (color-rgba 0.29411765933036804 0.33725491166114807 0.41568627953529358 1)
    (color-rgba 0.87843137979507446 0.72156864404678345 0.96470588445663452 1)
    (color-rgba 0.92941176891326904 0.92941176891326904 0.92941176891326904 1)
    (color-rgba 0.81176471710205078 0.55686277151107788 0.95686274766921997 1)
    (color-rgba 0.98039215686274506 0.45490196078431372 0.69803921568627447 1)
    (color-rgba 0.96862745098039216 0.96862745098039216 0.96862745098039216 1)
    (color-rgba 0.38823529411764707 0.77254901960784317 0.91764705882352937 1)
    (color-rgba 0.96078437566757202 0.91372555494308472 0.91372555494308472 1)
    (color-rgba 0.26666666666666666 0.92156862745098034 0.62352941176470589 1)
    (color-rgba 0.95686280727386475 0.69411766529083252 0.34509804844856262 1)
    (color-rgba 0.98039215686274506 0.65098039215686276 0.52941176470588236 1)
    (color-rgba 0.9490196704864502 0.84705889225006104 0.35294118523597717 1)
    (color-rgba 0.84705882352941175 0.65098039215686276 0.95686274509803926 1)
    (color-rgba 0.9490196704864502 0.58823531866073608 0.4745098352432251 1)
    (color-rgba 0.88235300779342651 0.67450982332229614 0.94509810209274292 1)
    (color-rgba 0.98039215686274506 0.35294117647058826 0.64313725490196083 1)
    (color-rgba 0.29803922772407532 0.27450981736183167 0.34509804844856262 1)
    (color-rgba 0.28627452254295349 0.31372550129890442 0.38431376218795776 1)
    (color-rgba 0.40392156862745099 0.7803921568627451 0.92156862745098034 1)
    (color-rgba 0.98431372549019602 0.792156862745098 0.011764705882352941 1)
    (color-rgba 0.66666666666666663 0.019607843137254902 0.019607843137254902 1)
    (color-rgba 0.49411767721176147 0.35686275362968445 0.3333333432674408 1)
    (color-rgba 0.99607843160629272 0.99607843160629272 0.99607843160629272 1)
    (color-rgba 0.29411765933036804 0.3333333432674408 0.41176474094390869 1)
    (color-rgba 0.35686275362968445 0.43921568989753723 0.58039218187332153 1)
    (color-rgba 0 0.47058823704719543 0.84313726425170898 1)
    (color-rgba 0.69803923368453979 0.25490197539329529 0.25882354378700256 1)
    (color-rgba 0.76470595598220825 0.30196079611778259 0.30588236451148987 1)
    (color-rgba 0.87450987100601196 0.43921571969985962 0.43921571969985962 1)
    (color-rgba 0.76862752437591553 0.30588236451148987 0.31372550129890442 1)
    (color-rgba 0.7568628191947937 0.29803922772407532 0.30588236451148987 1)
    (color-rgba 0.76078438758850098 0.30588236451148987 0.30588236451148987 1)
    (color-rgba 0.72549021244049072 0.27450981736183167 0.27843138575553894 1)
    (color-rgba 0.49019607901573181 0.54901963472366333 0.61568629741668701 1)
    (color-rgba 0.22745098173618317 0.3490196168422699 0.34117648005485535 1)
    (color-rgba 0.27450981736183167 0.40000000596046448 0.41568627953529358 1)
    (color-rgba 0.24705882370471954 0.3490196168422699 0.33725491166114807 1)
    (color-rgba 0.19607843458652496 0.21176470816135406 0.21568627655506134 1)
    (color-rgba 0.20000000298023224 0.23137255012989044 0.23137255012989044 1)
    (color-rgba 0.19215686619281769 0.21176470816135406 0.20784313976764679 1)
    (color-rgba 0.18823529779911041 0.20784313976764679 0.21960784494876862 1)
    (color-rgba 0.20392157137393951 0.21568627655506134 0.23137255012989044 1)
    (color-rgba 0.19607843458652496 0.23137255012989044 0.23137255012989044 1)
    (color-rgba 0.20392157137393951 0.21960784494876862 0.22745098173618317 1)
    (color-rgba 0.20784313976764679 0.21960784494876862 0.22352941334247589 1)
    (color-rgba 0.78039222955703735 0.83529418706893921 0.93725496530532837 1)
    (color-rgba 0.9490196704864502 0.37254902720451355 0.49803924560546875 1)
    (color-rgba 1 0 0 1)
    (color-rgba 0.19607843137254902 0.24705882352941178 0.30588235294117649 1)
    (color-rgba 0.93333333333333335 0.93333333333333335 0.93333333333333335 1)
    (color-rgba 0.37647058823529411 0.40000000000000002 0.45098039215686275 1)
    (color-rgba 0.86666673421859741 0.86666673421859741 0.86666673421859741 1)
    (color-rgba 1 0 0.46250000000000036 1)
    (color-rgba 0.18431372940540314 0.20784315466880798 0.26274511218070984 1)
    (color-rgba 0.96078431372549022 0.96078431372549022 0.96078431372549022 1)
    (color-rgba 0.26845637583892618 0.29947367852240925 0.37037037037037035 1)
    (color-rgba 0.2952274422073079 0.32598752823439137 0.39629629629629626 1)
    (color-rgba 0.28038777032065615 0.30194789053849452 0.3481481481481481 1)
    (color-rgba 0.53725490196078429 0.80000000000000004 0.96862745098039216 1)
    (color-rgba 0.90980392156862744 0.4823529411764706 0.60784313725490191 1)
    (color-rgba 0.35686275362968445 0.40392160415649414 0.46666669845581055 1)
    (color-rgba 0.85555555555555562 0.85555555555555562 0.85555555555555562 1)
    (color-rgba 0.57254904508590698 0.80392163991928101 0.91372555494308472 1)
    (color-rgba 0.80000007152557373 0.61960786581039429 0.91372555494308472 1)
    (color-rgba 0.99215686274509807 0.96862745098039216 0.96470588235294119 1)
    (color-rgba 0.87450987100601196 0.87843143939971924 0.89019614458084106 1)
    (color-rgba 0.96470588235294119 0.96470588235294119 0.96470588235294119 1)
    (color-rgba 0.8666666666666667 0.87058823529411766 0.88235294117647056 1)
    (color-rgba 0.95294117647058818 0.95294117647058818 0.95294117647058818 1)
    (color-rgba 0.97254901960784312 0.97254901960784312 0.97254901960784312 1)
    (color-rgba 0.98039215686274506 0.98039215686274506 0.98039215686274506 1)
    (color-rgba 0.90588235294117647 0.96862745098039216 0.96862745098039216 1)
    (color-rgba 0.98431372549019602 0.98431372549019602 0.98431372549019602 1)
    (color-rgba 0.93725490196078431 0.93725490196078431 0.93725490196078431 1)
    (color-rgba 0.92941176470588238 0.99607843137254903 0.99607843137254903 1)
    (color-rgba 0.94509803921568625 0.94509803921568625 0.94509803921568625 1)
    (color-rgba 0.99215686274509807 0.99215686274509807 0.99215686274509807 1)
    (color-rgba 0.99607843137254903 0.74509803921568629 0.96078431372549022 1)
    (color-rgba 0.99215686274509807 0.74509803921568629 0.96078431372549022 1)
    (color-rgba 0.88235294117647056 0.74509803921568629 0.96078431372549022 1)
    (color-rgba 0.90980398654937744 0.90980398654937744 0.90980398654937744 1)
    (color-rgba 1 0.7450980544090271 0.96078437566757202 1)
    (color-rgba 1 0.82352941176470584 0.84705882352941175 1)
    (color-rgba 1 0.76078438758850098 0.96078437566757202 1)
    (color-rgba 1 0.74117648601531982 0.96078437566757202 1)
    (color-rgba 0.87058830261230469 0.7450980544090271 0.9647059440612793 1)
    (color-rgba 0.87450987100601196 0.79215693473815918 0.97647064924240112 1)
    (color-rgba 0.87058823529411766 0.78431372549019607 0.98039215686274506 1)
    (color-rgba 0.8901960784313725 0.7803921568627451 0.97254901960784312 4.6593887006502856e-310)
    (color-rgba 0.98823535442352295 0.96862751245498657 0.9960784912109375 1)
    (color-rgba 0.10196079313755035 0.19607844948768616 0.32941177487373352 1)
    (color-rgba 1 0.75294125080108643 0.96078437566757202 1)
    (color-rgba 0.87843143939971924 0.7450980544090271 0.96078437566757202 1)
    (color-rgba 0.19215686274509805 0.17647058823529413 0.19607843137254902 4.6593805693763838e-310)
    (color-rgba 0.19215686274509805 0.17647058823529413 0.19607843137254902 1)
    (color-rgba 0.89019614458084106 0.7568628191947937 0.9647059440612793 1)
    (color-rgba 0.85490202903747559 0.76470595598220825 0.97647064924240112 1)
    (color-rgba 0.87058830261230469 0.78039222955703735 0.97647064924240112 1)
    (color-rgba 0.94509804248809814 0.69019609689712524 0.96470588445663452 1)
    (color-rgba 0.95686274766921997 0.729411780834198 0.97254902124404907 1)
    (color-rgba 0.95686274509803926 0.74117647058823533 0.97254901960784312 1)
    (color-rgba 0.7450980544090271 0.64705884456634521 0.729411780834198 1)
    (color-rgba 0.90980392694473267 0.88235294818878174 0.92549020051956177 1)
    (color-rgba 0.92941176470588238 0.99607843137254903 0.99607843137254903 0)
    (color-rgba 0.98039215686274506 0.35294117647058826 0.64313725490196083 4.6722066162685516e-310)
    (color-rgba 0.98039215686274506 0.58039215686274515 0.43137254901960786 4.67220711072945e-310)
    (color-rgba 0.16862745098039217 0.89411764705882357 0.56862745098039214 4.672207015328931e-310)
    (color-rgba 0.98039215686274506 0.58039215686274515 0.43137254901960786 1)
    (color-rgba 0.193636589609744 0.23032562764106385 0.3037037037037037 1)
    (color-rgba 0.23117076808351975 0.26892866020382794 0.34444444444444444 1)
    (color-rgba 0.16862745098039217 0.89411764705882357 0.56862745098039214 1)
    (color-rgba 0.90196078431372551 0.96470588235294119 0.96470588235294119 1)
    (color-rgba 0.38039219379425049 0.3490196168422699 0.41176474094390869 1)
    (color-rgba 0.51372551918029785 0.63529413938522339 0.90980392694473267 1)
    (color-rgba 0.21568629145622253 0.24313727021217346 0.30588236451148987 1)
    (color-rgba 0.65925925925925921 0.65925925925925921 0.65925925925925921 1)
    (color-rgba 0.24444444444444424 1 0 1)
    (color-rgba 0 0.95555555555555571 1 1)
    (color-rgba 0.74117648601531982 0.83137261867523193 0.98431378602981567 1)
    (color-rgba 0.73725491762161255 0.83137261867523193 0.98431378602981567 1)
    (color-rgba 0.69411766529083252 0.79607850313186646 0.97647064924240112 1)
    (color-rgba 0.88235294117647056 0.86274509803921573 1 1)
    (color-rgba 0.57254904508590698 0.80392163991928101 0.97254908084869385 1)
    (color-rgba 0.63137254901960782 0.83529411764705885 0.96862745098039216 1)
    (color-rgba 0.77647058823529413 0.97254901960784312 0.89803921568627454 1)
    (color-rgba 0.71764707565307617 0.71764707565307617 0.65490198135375977 1)
    (color-rgba 0.70980393886566162 0.70588237047195435 0.62352943420410156 1)
    (color-rgba 0.14117647058823529 0.14509803921568629 0.14901960784313725 1)
    (color-rgba 0.88627450980392153 0.74509803921568629 0.94509803921568625 1)
    (color-rgba 0.96078431372549022 0.80392156862745101 0.87058823529411766 1)
    (color-rgba 0.72549021244049072 0.42352941632270813 0.62745100259780884 1)
    (color-rgba 0.98039215686274506 0.90980392156862744 0.96470588235294119 1)
    (color-rgba 1 0.73725490196078436 0.92941176470588238 1)
    (color-rgba 0.73725490196078436 0.78823529411764703 1 1)
    (color-rgba 1 0.62352941176470589 0.85882352941176465 1)
    (color-rgba 1 0.66666668653488159 0.89019614458084106 1)
    (color-rgba 0.72941176470588232 0.80392156862745101 1 1)
    (color-rgba 0.83529418706893921 0.85098046064376831 0.99215692281723022 1)
    (color-rgba 0.88627450980392153 0.86274509803921573 1 1)
    (color-rgba 0.082352941176470587 0.50588235294117645 0.94117647058823528 1)
    (color-rgba 0.82577678349490424 0.88518518518518519 0.88518518518518519 1)
    (color-rgba 0.21568627450980393 0.24313725490196078 0.30196078431372547 4.6661618171831265e-310)
    (color-rgba 0.8221476510067115 0.90740740740740744 0.90740740740740744 1)
    (color-rgba 0.88501118568232662 0.9555555555555556 0.9555555555555556 1)
    (color-rgba 0.91372555494308472 0.94117653369903564 0.94117653369903564 1)
    (color-rgba 0.22745099663734436 0.25490197539329529 0.26274511218070984 1)
    (color-rgba 0.9803922176361084 0.52549022436141968 0.57647061347961426 1)
    (color-rgba 0.82745099067687988 0.84313726425170898 0.81176471710205078 1)
    (color-rgba 0.047058828175067902 0.043137256056070328 0.070588238537311554 1)
    (color-rgba 0.50196081399917603 0.56470590829849243 0.69803923368453979 1)
    (color-rgba 0.66274511814117432 0.70196080207824707 0.81960791349411011 1)
    (color-rgba 0.039215687662363052 0.031372550874948502 0.050980396568775177 1)
    (color-rgba 0.83333333333333337 0.67665504189047254 0.54809843400447422 1)
    (color-rgba 0.4901961088180542 0.37254902720451355 0.26666668057441711 1)
    (color-rgba 0.90588241815567017 0.75294125080108643 0.62745100259780884 1)
    (color-rgba 0.94509810209274292 0.81568634510040283 0.70588237047195435 1)
    (color-rgba 0.67058825492858887 0.67058825492858887 0.67058825492858887 1)
    (color-rgba 0.25882354378700256 0.25882354378700256 0.25882354378700256 1)
    (color-rgba 0.41960787773132324 0.41960787773132324 0.41960787773132324 1)
    (color-rgba 0.15686275064945221 0.15686275064945221 0.15686275064945221 1))

# end of colorrc
